child <- 0:2
mum <- 0:2
dad <- 0:2


